10000052
10000123
10000152
10000158
10000159
10000161
10000162
10000164
10000165
10000167
10000172
10000173
10000174
10000177
10000178
10000182
10000183
10000184
10000195
10000196
10000197
10000203
10000206
10000207
10000208
10000222
10000223
10000224
10000226
10000239
10000240
10000244
10000245
10000254
10000257
10000260
10000261
10000281
10000311
10000361
10000367
10000368
10000373
10000375
10000379
10000380
10000386
10000391
10000393
10000394
10000419
10000456
10000457
10000463
10000465
10000469
10000470
10000518
10000551
10000574
10000581
10000585
10000587
10000613
10000622
10000627
10000628
10000630
10000631
10000634
10000675
10000704
10000732
10000750
10000768
10000771
10000772
10000785
10000789
10000791
10000809
10000810
10000820
10000827
10000837
10001030
10001039
10003847
10003854
10003855
10003884
10003894
10003896
10003917
10004090
10004096
10004105
10004231
10004424
10004537
10004591
10004878
10004883
10005151
10005171
10005172
10005452
10005485
10005488
10005493
10005614
10005627
10005628
10005642
10005646
10005655
10005687
10005703
10005704
10005713
10005714
10005716
10005720
10005727
10005731
10005736
10005740
10005753
10005762
10005765
10005767
10005814
10005829
10005860
10005864
10005871
10005878
10005914
10005915
10005917
10005928
10005932
10005938
10005950
10005961
10006013
10006023
10006135
10006138
10006143
10006156
10006157
10006213
10006214
10006313
10006522
10006547
10006548
10006637
10010059
10010076
10010077
10010097
10010220
10010234
10010242
10010247
10010254
10010323
10010473
10010524
10010548
10010610
10010626
10010628
10010691
10010965
10011383
10011739
10011740
10011741
10011742
10011743
10011744
10011745
10011746
10011747
10011758
10011759
10011760
10011761
10014212
10014278
10014294
10014302
10014355
10014363
10014364
10014368
10015394
10015398
10015437
10015439
10021265
10021277
10022036
10022053
10022576
10022922
10022967
10040992
10041302
10045068
10145748
10145754
10145811
10145813
10145814
10145815
10145816
10145817
10145818
10145819
10145820
10145821
10145822
10145823
10145824
10145825
10145826
10145827
10145828
10145829
10145830
10145831
10145832
10145833
10145834
10145835
10145836
10145837
10145838
10145839
10145840
10145841
10145842
10145843
10145844
10145845
10145846
10145847
10145848
10145849
10145850
10145851
10145852
10145853
10145854
10145855
10145856
10145858
10145859
10145860
10145861
10145862
10145863
10145864
10145865
10145866
10145868
10145869
10145870
10145871
10145873
10145874
10145876
10145878
10145879
10145881
10145886
10145887
10145892
10156092
10156126
10156131
10157658
10157659
10157660
10157661
10157662
10157663
10157664
10157665
10157666
10157674
10157675
10157676
10157687
10157691
10157695
10158074
10158086
10158237
10158256
10158257
10158258
10158329
10159251
10159252
10159253
10159254
10159284
10159365
10159371
10159372
10159373
10159628
10160126
10162154
10162155
10162249
10162262
10162263
10162278
10162285
10162289
10162290
10162291
10162292
10162293
10162300
10162309
10167093
10167572
10170088
10180671
10189872
10217385
10217641
10229155
10229156
10116320
10116321
10116322
10116323
10120089
10120095
10036522
10107096
10107147
10107191
10107202
10107317
10107321
10107322
10107346
10108149
10108290
10108338
10108601
10108762
10108779
10108814
10108835
10109432
10109473
10109672
10109675
10109788
10109794
10109816
10109947
10109964
10109969
10110301
10110302
10110486
10110487
10110490
10112625
10112820
10112884
10112951
10113029
10113214
10113237
10113256
10113438
10113482
10113920
10114012
10114034
10114051
10114143
10114199
10114564
10114606
10114620
10114718
10114719
10114740
10114744
10114767
10114842
10114847
10114849
10114927
10114948
10114949
10114950
10114952
10114954
10114955
10114957
10114959
10114962
10114965
10114968
10114969
10114971
10114977
10114979
10114982
10114983
10114987
10114988
10114993
10114998
10115002
10115004
10115006
10115015
10115016
10115017
10115018
10115020
10115021
10115039
10115041
10115042
10115103
10115106
10115107
10115112
10115113
10115116
10115122
10115128
10115132
10115134
10115143
10115145
10115152
10115154
10115155
10115156
10115158
10115183
10115188
10115191
10115192
10115203
10115204
10115207
10115209
10115210
10115214
10115215
10115216
10115217
10115223
10115251
10115320
10115321
10115381
10115402
10115543
10115545
10115575
10115769
10115936
10115937
10115978
10115979
10116092
10116243
10116255
10116273
10116274
10116275
10116276
10116277
10116278
10116279
10116280
10116281
10116282
10116283
10116284
10116285
10116286
10116287
10116288
10116289
10116290
10116291
10116292
10116293
10116294
10116295
10116296
10116297
10116298
10116299
10116300
10116301
10116302
10116303
10116304
10116305
10116306
10116307
10116308
10116309
10116310
10116311
10116312
10116313
10116314
10116315
10116316
10116317
10116318
10116319
10116428
10116429
10116461
10116462
10116465
10116467
10116495
10116529
10116577
10116581
10116584
10116589
10116595
10116596
10116598
10116599
10116600
10116611
10116614
10116805
10116806
10116807
10116808
10116809
10116839
10116840
10116842
10116843
10116848
10116849
10116851
10116853
10116854
10116857
10116865
10116866
10116899
10117019
10117057
10117058
10117068
10117069
10117070
10117071
10117072
10117073
10117074
10117075
10117077
10117078
10117079
10117080
10117082
10117083
10117084
10117085
10117086
10117087
10117089
10117090
10117091
10117092
10117093
10117094
10117096
10117097
10117098
10117099
10117101
10117103
10117104
10117105
10117106
10117107
10117108
10117109
10117110
10117111
10117114
10117115
10117116
10117117
10117122
10117128
10117130
10117131
10117163
10117185
10117194
10117195
10117284
10117369
10117463
10117612
10117661
10117913
10119475
10119476
10119601
10119614
10119617
10119929
10119931
10120046
10120049
10120061
10120062
10120063
10120064
10120065
10120066
10120067
10120068
10120069
10120070
10120071
10120072
10120073
10120074
10120075
10120076
10120077
10120079
10120080
10120081
10120083
10120084
10120085
10120087
10120088
10120248
10120249
10120251
10120252
10120497
10120565
10120589
10120973
10120974
10120979
10121061
10121062
10121063
10121118
10121470
10121614
10122737
10122818
10122883
10123139
10123147
10123149
10123215
10123216
10123219
10123221
10123404
10123484
10123485
10123489
10123490
10123491
10123790
10123978
10123979
10124301
10124303
10124493
10124495
10124497
10124500
10124501
10124504
10124505
10124506
10124507
10124508
10124509
10124510
10124511
10124512
10124513
10124514
10124515
10124516
10124518
10124519
10124520
10124521
10124524
10124525
10124526
10124527
10124529
10124530
10124532
10124533
10124534
10124545
10124779
10127133
10127139
10127168
10127172
10127176
10127177
10127178
10127181
10127182
10127184
10127187
10127188
10127224
10127231
10127250
10127741
10127976
10131002
10159003
10159101
10159181
10159217
10162416
10168743
10168744
10168893
10168928
10188678
10188737
10188927
10189044
10194423
10196374
10201852
10201855
10201905
10204130
10204133
10204135
10204139
10204142
10204447
10207443
10207447
10207448
10207449
10207450
10207451
10207452
10207456
10207458
10207459
10207460
10207461
10207463
10207470
10207471
10207472
10207476
10207478
10207482
10207484
10207485
10207487
10207490
10207491
10207497
10207500
10207502
10207503
10207505
10207515
10207516
10207519
10207525
10207529
10207530
10207538
10207545
10207555
10207559
10207564
10207566
10207569
10207572
10207574
10207587
10207592
10207596
10207605
10207618
10207671
10207672
10207675
10207676
10207695
10207715
10207750
10207764
10207765
10207769
10216333
10217165
10231394
10231395
10231396
10231397
10231408
10231410
10231417
10231594
10231595
10231596
10231600
10231601
10231606
10231607
10231611
10231723
10231727
10231728
10231729
10231730
10231731
10231732
10231733
10231734
10231735
10231736
10231737
10231738
10231739
10231740
10231742
10231743
10231748
10231749
10231751
10231752
10232750
10232752
10233701
10233702
10233703
10233704
10233705
10002026
10002109
10002124
10002146
10002152
10002211
10002212
10002213
10002215
10002244
10002253
10002254
10002256
10002282
10002306
10002307
10002310
10002312
10002313
10002475
10002505
10002551
10002568
10002570
10002613
10002619
10002620
10002622
10002647
10002648
10002649
10002704
10002730
10002740
10002743
10002756
10002782
10002819
10002877
10002891
10002892
10002917
10002928
10002931
10003072
10003073
10003082
10003093
10003111
10003122
10003127
10003133
10003161
10003183
10003220
10003221
10003225
10003270
10003281
10003283
10003357
10003365
10003367
10003507
10003515
10003540
10003625
10003655
10003659
10003661
10003684
10003696
10003711
10003713
10003765
10009231
10009260
10009300
10009324
10009355
10009465
10009470
10009474
10009587
10009613
10009615
10009624
10009629
10009630
10009632
10009660
10009742
10009823
10145985
10146003
10151177
10151181
10151664
10151665
10151666
10151667
10151668
10151669
10151670
10151671
10151672
10151673
10151674
10151980
10151981
10151982
10151983
10151984
10151985
10151986
10151987
10151988
10151989
10151990
10151991
10151992
10151993
10151994
10151995
10151996
10151997
10151998
10151999
10152000
10152001
10152002
10152003
10152004
10152005
10152006
10152007
10152008
10152009
10152010
10152011
10152012
10152013
10152014
10152015
10152016
10152017
10152018
10152019
10152020
10152021
10152022
10153059
10153060
10153061
10153062
10153063
10153064
10153065
10153066
10153067
10153068
10153069
10153070
10153071
10153072
10153073
10153074
10153075
10153086
10153087
10153088
10153089
10153090
10153091
10153092
10153093
10153094
10153095
10153096
10153097
10153098
10153100
10153101
10153102
10153103
10153104
10153105
10153106
10153107
10153108
10153109
10153110
10153112
10153113
10153114
10153115
10153116
10153117
10153118
10153119
10153120
10153121
10153122
10153123
10153124
10153282
10154160
10155400
10155462
10155463
10155467
10155468
10155472
10155475
10155549
10155552
10155618
10155704
10155748
10155765
10156437
10156749
10156757
10156758
10156760
10156761
10156763
10156764
10156765
10156771
10156927
10156933
10156943
10156962
10156963
10156964
10156969
10157007
10157105
10157117
10157172
10157188
10157208
10157209
10157224
10157226
10157228
10157232
10157238
10157240
10157241
10157247
10157324
10157326
10157356
10157443
10157737
10157753
10157755
10157781
10157802
10157834
10157837
10157880
10158002
10158142
10158143
10158303
10158307
10158426
10158452
10158612
10158659
10158666
10158686
10158720
10158740
10159475
10159555
10159557
10159558
10159562
10159595
10159619
10160203
10160238
10160376
10160390
10160402
10160746
10160757
10160982
10161038
10161047
10161049
10161065
10161106
10161109
10161156
10162011
10162047
10162095
10162837
10162866
10162915
10163152
10163349
10164002
10164264
10164269
10164283
10164411
10164647
10180675
10180700
10180819
10184833
10184835
10184837
10184846
10184861
10184862
10184866
10184867
10184870
10184871
10184873
10185483
10185509
10185510
10186012
10186021
10186264
10186265
10186277
10186280
10186281
10186282
10186283
10186299
10186300
10186315
10186359
10186362
10186365
10186366
10186368
10186374
10186390
10186391
10186402
10186411
10186428
10186429
10186452
10186454
10186461
10186470
10186491
10186496
10186514
10186540
10186549
10186556
10186557
10186560
10186562
10186563
10186570
10186571
10186573
10187758
10187759
10201533
10201537
10202502
10203713
10203714
10218530
10218531
10218534
10218535
10221905
10221906
10221907
10221908
10221909
10221911
10221912
10221913
10221914
10221917
10221926
10221927
10221929
10221930
10221931
10221934
10221935
10221936
10221940
10221952
10221953
10221954
10221955
10221956
10221957
10221958
10221959
10221960
10221961
10221962
10221963
10221964
10221965
10221966
10221994
10221995
10221996
10221997
10221998
10221999
10222000
10222374
10222382
10222762
10222903
10222905
10222934
10223096
10229017
10229078
10229079
10229080
10229329
10229332
10241124
50000785
50000814
50000872
50000887
50000894
10034594
10035267
10035448
10035449
10035460
10035461
10035462
10035463
10035464
10035465
10035466
10035467
10035468
10035469
10035470
10035473
10035474
10035475
10035476
10035477
10035478
10035479
10035480
10035481
10035482
10035483
10035484
10035485
10035486
10035487
10035488
10035489
10035490
10035491
10035492
10035493
10035494
10035495
10035496
10035497
10035498
10035499
10035500
10035501
10035502
10035503
10035504
10035505
10035506
10035507
10051769
10051770
10054076
10054106
10056127
10056128
10056130
10056140
10056148
10056226
10056227
10056229
10056235
10056242
10056250
10056254
10056272
10056273
10056274
10056275
10056276
10056295
10056296
10056313
10056314
10056315
10056318
10056319
10056320
10056325
10056333
10056340
10056347
10056357
10056379
10056380
10056383
10056386
10056387
10056388
10056393
10056394
10056395
10056396
10056397
10056398
10056399
10161388
10166067
10166148
10170128
10182446
10182970
10183075
10183223
10183713
10202454
10206686
10213491
10213745
10215839
10216062
10216097
10216129
10216134
10216138
10216151
10216170
10216198
10217492
10217723
10217986
10218494
10218608
10218609
10219939
10221655
10221787
10222282
10222337
10222356
10222357
10222360
10222383
10222402
10222734
10223985
10224383
10224405
10224424
10229200
10062754
10063323
10063539
10063552
10068422
10068449
10130019
10130024
10130248
10130254
10130260
10130261
10130665
10130671
10130719
10130776
10130994
10130995
10130996
10130997
10131000
10131001
10131005
10131045
10131106
10131130
10131131
10131154
10131193
10131203
10131204
10131207
10131209
10131210
10131211
10131217
10131219
10131232
10131256
10131272
10131275
10131276
10131277
10131286
10131288
10131293
10131301
10131303
10131304
10131305
10131306
10131312
10131316
10131317
10131322
10131327
10131342
10131343
10131348
10131350
10131352
10131354
10131355
10131357
10131358
10131360
10131361
10131362
10131363
10131365
10131366
10131368
10131369
10131370
10131372
10131373
10131374
10131375
10131377
10131378
10131380
10131381
10131382
10131383
10131384
10131385
10131386
10131387
10131389
10131390
10131391
10131392
10131393
10131394
10131395
10131396
10131397
10131398
10131400
10131401
10131403
10131404
10131405
10131406
10131407
10131408
10131409
10131410
10131411
10131412
10131413
10131414
10155411
10155431
10157708
10161346
10161348
10161349
10161434
10161465
10161467
10161957
10162592
10162649
10164596
10165576
10165600
10165649
10165698
10166525
10166572
10166593
10166601
10166675
10166721
10166949
10167130
10167837
10167864
10168101
10168546
10168565
10168676
10168709
10169230
10169610
10177765
10177784
10177804
10177806
10177807
10177813
10177815
10177817
10177818
10177838
10177844
10177847
10177848
10177850
10177857
10177858
10177877
10177881
10177887
10177902
10177909
10177911
10177912
10177920
10177921
10177923
10177924
10177926
10177927
10177928
10177930
10177931
10177933
10177935
10177936
10180437
10180439
10180444
10180446
10180451
10180454
10180477
10180478
10180485
10180486
10180488
10180489
10180493
10180496
10180497
10180499
10180503
10180506
10180508
10180511
10180518
10180549
10180550
10180567
10180582
10180585
10180593
10180594
10180596
10180598
10180604
10180605
10180606
10180607
10180608
10180609
10180622
10180631
10180635
10180651
10180652
10180654
10180841
10183534
10183535
10183615
10183622
10204513
10205330
10205346
10205349
10206035
10206040
10206046
10206047
10206050
10206054
10206060
10206062
10206064
10206067
10206069
10206070
10206074
10206101
10206102
10206103
10206106
10206108
10206142
10206146
10206159
10206169
10206172
10206187
10206197
10206202
10206236
10206238
10206262
10206263
10206714
10206724
10206725
10206737
10216222
10216229
10216692
10216705
10216716
10216817
10216964
10216972
10217215
10217216
10221873
10221890
10221892
10221893
10221894
10221895
10221896
10221969
10222981
10223167
10105003
10105012
10105040
10105062
10105079
10105081
10105165
10105315
10106155
10156988
10224008
10224009
10224010
10224013
10224019
10224022
10224025
10224030
10224031
10224032
10224033
10224034
10224040
10224050
10224051
10224052
10224054
10224060
10224063
10224064
10224065
10224066
10224068
10224069
10224070
10224072
10224076
10224077
10224078
10224079
10224081
10224084
10224086
10224087
10224088
10224089
10224090
10224095
10224099
10224102
10224103
10224106
10224107
10224108
10224109
10224110
10224111
10224112
10224113
10224114
10224117
10224118
10224119
10224120
10224121
10224123
10224125
10224128
10224129
10224130
10224131
10224132
10224135
10224137
10224143
10224147
10224148
10224151
10224153
10224154
10224155
10224157
10224158
10224162
10224163
10224164
10224165
10224166
10224167
10224170
10224171
10224175
10224176
10224180
10224181
10224185
10224195
10224197
10224198
10224200
10236232
10236235
10236255
10236258
10236260
10236263
10236289
10236290
10236297
10236298
10236300
10236301
10236304
10236305
10236306
10236307
10236309
10236310
10236311
10236312
10236314
10236315
10236316
10236317
10236318
10236320
10236323
10236325
10236326
10236328
10236329
10236330
10236332
10236333
10236334
10236335
10236336
10236337
10236338
10236339
10236340
10236341
10236343
10236344
10236345
10236346
10236347
10236348
10236349
10236350
10236351
10236352
30014668
10007500
10008000
10023909
10023936
10038878
10041026
10041274
10071525
10074572
10076913
10081179
10140000
10140045
10140235
10140240
10140561
10140607
10140681
10140688
10141095
10141096
10141097
10141107
10141139
10141188
10141194
10141206
10141221
10141394
10141565
10141567
10141649
10141672
10141808
10141862
10141983
10141995
10142066
10142127
10142260
10142267
10142316
10142324
10142325
10142326
10142346
10142418
10142506
10142623
10142640
10142645
10142656
10144382
10144572
10151019
10151020
10151168
10156221
10157151
10158754
10159462
10161000
10161013
10161046
10161261
10161290
10161292
10161405
10161913
10161918
10161921
10161924
10161932
10161935
10161946
10161967
10161968
10167075
10167077
10167080
10167862
10168337
10168346
10184082
10184793
10189307
10189464
10189965
10190012
10190088
10190107
10191019
10191625
10192297
10193368
10194704
10194712
10197367
10198785
10198798
10198800
10198858
10198903
10201564
10202012
10205084
10206673
10207198
10207206
10213534
10213556
10213562
10213577
10214067
10215910
10216268
10216902
10217097
10217232
10217269
10217388
10217549
10217782
10226534
10226537
10226539
10226541
10226543
10226544
10229506
10229953
10217783
10217823
10217824
10217825
10217832
10217855
10217859
10217866
10217884
10217888
10217891
10217897
10217899
10217900
10217901
10217902
10217903
10217904
10217908
10217914
10217919
10217931
10217932
10217937
10217948
10217957
10217961
10217975
10217977
10217979
10217993
10218001
10218008
10218012
10218017
10218023
10218031
10218045
10218053
10218062
10218068
10218070
10218091
10218095
10218097
10218099
10218100
10218105
10218113
10218122
10218126
10218134
10218141
10218142
10218150
10218152
10218265
10218327
10218353
10218357
10218399
10218416
10218419
10218431
10218439
10218441
10218449
10218450
10218452
10218455
10218456
10218457
10218458
10218463
10218475
10218481
10218485
10218488
10218497
10218498
10218499
10218500
10218501
10218507
10218533
10218537
10218546
10218549
10218550
10218552
10218560
10218561
10218562
10218563
10218566
10218567
10218569
10218572
10218578
10218580
10218582
10218585
10218586
10218587
10218588
10218589
10218590
10218592
10218619
10218624
10218635
10218640
10218643
10218645
10218648
10218653
10218655
10218656
10218657
10218662
10218682
10218684
10218686
10218697
10218698
10218700
10218703
10218704
10218705
10218706
10218709
10218715
10218724
10218725
10218726
10218727
10218733
10218743
10218744
10218757
10218796
10218797
10218810
10218813
10218820
10218821
10218826
10020783
10023811
10025975
10030620
10030641
10030669
10030710
10030831
10030839
10031031
10031083
10031365
10031507
10031521
10031524
10031528
10031546
10031548
10031581
10035641
10035642
10035645
10035657
10035660
10035675
10035683
10035689
10036407
10036587
10036588
10036590
10036596
10036597
10036610
10036612
10036638
10036650
10036651
10036669
10036670
10036672
10036720
10036732
10036735
10036740
10036741
10036757
10036760
10036787
10036850
10036867
10036879
10036910
10036954
10046225
10069006
10080344
10080350
10080351
10080355
10080365
10080676
10080725
10090773
10151309

